n=1 Total training time: 231.42748069763184 seconds
n=2 Total training time: 114.635737657547 seconds





